630.52	2876.00
630.54	775.00
630.55	781.00
630.57	772.00
630.59	1100.00
630.61	1810.00
630.63	1882.00
630.65	2152.00
630.67	1852.00
630.69	1740.00
630.71	1660.00
630.73	1973.00
630.75	2007.00
630.77	1300.00
630.79	1437.00
630.81	1805.00
630.83	1885.00
630.85	1594.00
630.86	1696.00
630.88	2538.00
630.90	2565.00
630.92	2173.00
630.94	2087.00
630.96	2520.00
630.98	1987.00
631.00	1628.00
631.02	1507.00
631.04	1811.00
631.06	1775.00
631.08	1731.00
631.10	2106.00
631.12	2531.00
631.13	2620.00
631.15	2199.00
631.17	1875.00
631.19	1875.00
631.21	1822.00
631.23	1422.00
631.25	1982.00
631.27	2710.00
631.29	2306.00
631.31	1786.00
631.33	1737.00
631.35	1821.00
631.37	1730.00
631.39	1656.00
631.40	1967.00
631.42	2246.00
631.44	2224.00
631.46	1590.00
631.48	1801.00
631.50	2364.00
631.52	2347.00
631.54	1860.00
631.56	1964.00
631.58	2359.00
631.60	2079.00
631.62	1874.00
631.64	1965.00
631.66	2053.00
631.67	1765.00
631.69	1692.00
631.71	1971.00
631.73	2325.00
631.75	2095.00
631.77	1777.00
631.79	1896.00
631.81	2039.00
631.83	1887.00
631.85	1617.00
631.87	2211.00
631.89	2598.00
631.91	2275.00
631.92	1994.00
631.94	1935.00
631.96	2045.00
631.98	1857.00
632.00	1792.00
632.02	1943.00
632.04	1881.00
632.06	1899.00
632.08	1791.00
632.10	1811.00
632.12	2517.00
632.14	2269.00
632.15	1856.00
632.17	1693.00
632.19	2305.00
632.21	2450.00
632.23	1865.00
632.25	2148.00
632.27	2649.00
632.29	2488.00
632.31	2110.00
632.33	2392.00
632.35	2473.00
632.37	2446.00
632.38	1790.00
632.40	1833.00
632.42	2222.00
632.44	2252.00
632.46	1620.00
632.48	1733.00
632.50	2150.00
632.52	2329.00
632.54	2222.00
632.56	2076.00
632.58	2054.00
632.59	2187.00
632.61	2293.00
632.63	2081.00
632.65	2550.00
632.67	2393.00
632.69	2036.00
632.71	1913.00
632.73	2488.00
632.75	2642.00
632.77	2295.00
632.79	2083.00
632.80	2294.00
632.82	2258.00
632.84	2214.00
632.86	2590.00
632.88	2769.00
632.90	2123.00
632.92	1818.00
632.94	2101.00
632.96	2202.00
632.98	2105.00
633.00	1907.00
633.01	2131.00
633.03	2421.00
633.05	2567.00
633.07	2001.00
633.09	1883.00
633.11	2019.00
633.13	2219.00
633.15	2184.00
633.17	1986.00
633.19	2277.00
633.20	2011.00
633.22	1678.00
633.24	2007.00
633.26	2607.00
633.28	2274.00
633.30	1796.00
633.32	2043.00
633.34	2414.00
633.36	2210.00
633.38	2165.00
633.39	2159.00
633.41	2332.00
633.43	2300.00
633.45	2313.00
633.47	2130.00
633.49	2443.00
633.51	2386.00
633.53	2449.00
633.55	2494.00
633.57	2488.00
633.58	2265.00
633.60	1890.00
633.62	2123.00
633.64	2571.00
633.66	2514.00
633.68	2085.00
633.70	2201.00
633.72	2465.00
633.74	2400.00
633.76	2267.00
633.77	2308.00
633.79	2566.00
633.81	2344.00
633.83	2060.00
633.85	2391.00
633.87	2640.00
633.89	2189.00
633.91	2037.00
633.93	2265.00
633.94	2580.00
633.96	2601.00
633.98	2118.00
634.00	2578.00
634.02	2894.00
634.04	2726.00
634.06	2311.00
634.08	2168.00
634.10	2495.00
634.11	2333.00
634.13	2100.00
634.15	2287.00
634.17	2805.00
634.19	2775.00
634.21	2266.00
634.23	2495.00
634.25	2937.00
634.27	2553.00
634.28	2342.00
634.30	2212.00
634.32	2574.00
634.34	2609.00
634.36	2210.00
634.38	2335.00
634.40	2889.00
634.42	2773.00
634.44	2246.00
634.45	2339.00
634.47	2707.00
634.49	2744.00
634.51	2456.00
634.53	2281.00
634.55	2654.00
634.57	2756.00
634.59	2551.00
634.61	2359.00
634.62	2654.00
634.64	2637.00
634.66	2279.00
634.68	2190.00
634.70	2722.00
634.72	2891.00
634.74	2441.00
634.76	2485.00
634.77	2956.00
634.79	3057.00
634.81	2725.00
634.83	2718.00
634.85	2916.00
634.87	2911.00
634.89	2528.00
634.91	2703.00
634.92	3219.00
634.94	2949.00
634.96	2480.00
634.98	2566.00
635.00	3058.00
635.02	3104.00
635.04	2697.00
635.06	3155.00
635.08	3505.00
635.09	2898.00
635.11	2773.00
635.13	3054.00
635.15	3020.00
635.17	2946.00
635.19	2986.00
635.21	3095.00
635.23	3329.00
635.24	3074.00
635.26	2693.00
635.28	2845.00
635.30	3222.00
635.32	3168.00
635.34	3073.00
635.36	3170.00
635.37	3504.00
635.39	3342.00
635.41	2944.00
635.43	2985.00
635.45	3559.00
635.47	3162.00
635.49	2869.00
635.51	3025.00
635.52	3178.00
635.54	3090.00
635.56	2916.00
635.58	2911.00
635.60	3471.00
635.62	3895.00
635.64	2889.00
635.66	2968.00
635.67	3250.00
635.69	3121.00
635.71	2846.00
635.73	3279.00
635.75	3767.00
635.77	3785.00
635.79	2902.00
635.80	3249.00
635.82	3658.00
635.84	3339.00
635.86	3185.00
635.88	3584.00
635.90	3389.00
635.92	3261.00
635.94	3047.00
635.95	3551.00
635.97	3512.00
635.99	3082.00
636.01	3844.00
636.03	5230.00
636.05	3899.00
636.07	3552.00
636.08	2891.00
636.10	3375.00
636.12	3899.00
636.14	3451.00
636.16	3414.00
636.18	3436.00
636.20	3760.00
636.21	3694.00
636.23	3244.00
636.25	3604.00
636.27	3967.00
636.29	3719.00
636.31	3266.00
636.33	3613.00
636.34	3769.00
636.36	3427.00
636.38	3494.00
636.40	3419.00
636.42	3703.00
636.44	3524.00
636.46	3428.00
636.48	3266.00
636.49	3590.00
636.51	3711.00
636.53	3071.00
636.55	3162.00
636.57	3638.00
636.59	3766.00
636.60	3906.00
636.62	3853.00
636.64	3750.00
636.66	3827.00
636.68	3697.00
636.70	3753.00
636.72	3803.00
636.73	3627.00
636.75	3370.00
636.77	3429.00
636.79	5585.00
636.81	7284.00
636.83	3630.00
636.85	3681.00
636.86	3793.00
636.88	3791.00
636.90	3302.00
636.92	3465.00
636.94	3793.00
636.96	3790.00
636.98	3764.00
636.99	3878.00
637.01	4087.00
637.03	4228.00
637.05	3858.00
637.07	3692.00
637.09	4009.00
637.10	4122.00
637.12	3686.00
637.14	3741.00
637.16	4142.00
637.18	4275.00
637.20	4524.00
637.22	5419.00
637.23	4565.00
637.25	4181.00
637.27	3730.00
637.29	4108.00
637.31	4468.00
637.33	4573.00
637.34	4213.00
637.36	3984.00
637.38	4382.00
637.40	4031.00
637.42	3976.00
637.44	4347.00
637.46	4444.00
637.47	4092.00
637.49	3976.00
637.51	4406.00
637.53	4718.00
637.55	4202.00
637.57	3724.00
637.58	3757.00
637.60	4191.00
637.62	4187.00
637.64	4130.00
637.66	4214.00
637.68	4279.00
637.69	4208.00
637.71	4098.00
637.73	4261.00
637.75	4378.00
637.77	4350.00
637.79	4373.00
637.81	4590.00
637.82	4510.00
637.84	4316.00
637.86	4009.00
637.88	4342.00
637.90	4909.00
637.92	4496.00
637.93	4282.00
637.95	4428.00
637.97	4474.00
637.99	4143.00
638.01	4105.00
638.03	4416.00
638.04	4704.00
638.06	5081.00
638.08	4724.00
638.10	4697.00
638.12	4823.00
638.14	4433.00
638.15	4472.00
638.17	5000.00
638.19	4772.00
638.21	4433.00
638.23	4117.00
638.25	4099.00
638.26	4473.00
638.28	4463.00
638.30	4329.00
638.32	4362.00
638.34	4748.00
638.36	4555.00
638.37	4333.00
638.39	4567.00
638.41	5186.00
638.43	4845.00
638.45	4430.00
638.47	4508.00
638.48	4752.00
638.50	4474.00
638.52	4259.00
638.54	4589.00
638.56	4713.00
638.57	4680.00
638.59	4483.00
638.61	4767.00
638.63	5124.00
638.65	5648.00
638.67	4787.00
638.68	4803.00
638.70	5117.00
638.72	5406.00
638.74	4878.00
638.76	4734.00
638.78	5014.00
638.79	4950.00
638.81	4748.00
638.83	5327.00
638.85	5267.00
638.87	4886.00
638.89	4582.00
638.90	5000.00
638.92	5134.00
638.94	4966.00
638.96	4584.00
638.98	4862.00
638.99	5266.00
639.01	5051.00
639.03	4959.00
639.05	5226.00
639.07	5400.00
639.09	4901.00
639.10	4720.00
639.12	5258.00
639.14	5411.00
639.16	5126.00
639.18	4580.00
639.19	4965.00
639.21	5382.00
639.23	5252.00
639.25	4894.00
639.27	5072.00
639.29	5264.00
639.30	5108.00
639.32	5271.00
639.34	5370.00
639.36	5290.00
639.38	5113.00
639.39	4742.00
639.41	4864.00
639.43	5300.00
639.45	5246.00
639.47	4888.00
639.49	4970.00
639.50	4998.00
639.52	4759.00
639.54	4239.00
639.56	4519.00
639.58	5110.00
639.59	5181.00
639.61	5146.00
639.63	5092.00
639.65	5328.00
639.67	5398.00
639.68	5182.00
639.70	5273.00
639.72	5774.00
639.74	5465.00
639.76	5219.00
639.77	5626.00
639.79	5954.00
639.81	5599.00
639.83	5454.00
639.85	5697.00
639.87	6116.00
639.88	5971.00
639.90	5271.00
639.92	5521.00
639.94	6498.00
639.96	6173.00
639.97	5377.00
639.99	5750.00
640.01	5675.00
640.03	5671.00
640.05	5653.00
640.06	5634.00
640.08	5983.00
640.10	5728.00
640.12	5339.00
640.14	5301.00
640.15	5233.00
640.17	4663.00
640.19	4432.00
640.21	4899.00
640.23	5498.00
640.24	5780.00
640.26	5469.00
640.28	5684.00
640.30	5905.00
640.32	5713.00
640.33	5497.00
640.35	5895.00
640.37	6427.00
640.39	6386.00
640.41	5581.00
640.42	5741.00
640.44	6047.00
640.46	6105.00
640.48	5899.00
640.50	5733.00
640.51	6028.00
640.53	6105.00
640.55	5905.00
640.57	6278.00
640.59	6520.00
640.60	6281.00
640.62	5955.00
640.64	6057.00
640.66	6275.00
640.68	6147.00
640.69	6028.00
640.71	6073.00
640.73	6373.00
640.75	6263.00
640.77	5869.00
640.78	6153.00
640.80	6619.00
640.82	6458.00
640.84	5995.00
640.86	6097.00
640.87	6415.00
640.89	6298.00
640.91	6168.00
640.93	5897.00
640.95	5819.00
640.96	5751.00
640.98	5310.00
641.00	5809.00
641.02	6214.00
641.04	6042.00
641.05	6291.00
641.07	6684.00
641.09	6454.00
641.11	6429.00
641.12	6307.00
641.14	6214.00
641.16	6298.00
641.18	6485.00
641.20	6074.00
641.21	6133.00
641.23	6408.00
641.25	6582.00
641.27	6077.00
641.29	6033.00
641.30	6105.00
641.32	5826.00
641.34	5608.00
641.36	5991.00
641.38	6505.00
641.39	6485.00
641.41	6252.00
641.43	6556.00
641.45	6915.00
641.46	6936.00
641.48	6490.00
641.50	6714.00
641.52	6909.00
641.54	6613.00
641.55	6124.00
641.57	6229.00
641.59	6510.00
641.61	6372.00
641.63	6242.00
641.64	6287.00
641.66	6661.00
641.68	6632.00
641.70	6453.00
641.71	6614.00
641.73	7067.00
641.75	6993.00
641.77	6541.00
641.79	6861.00
641.80	6914.00
641.82	6701.00
641.84	6888.00
641.86	6745.00
641.87	7222.00
641.89	6933.00
641.91	6441.00
641.93	6589.00
641.95	6897.00
641.96	6720.00
641.98	6597.00
642.00	6651.00
642.02	7130.00
642.03	7028.00
642.05	6878.00
642.07	7079.00
642.09	7016.00
642.11	7160.00
642.12	6955.00
642.14	6290.00
642.16	6707.00
642.18	6767.00
642.19	6708.00
642.21	6876.00
642.23	7034.00
642.25	7224.00
642.27	6655.00
642.28	6500.00
642.30	6425.00
642.32	6281.00
642.34	6259.00
642.35	6853.00
642.37	7676.00
642.39	7588.00
642.41	7037.00
642.42	7016.00
642.44	7385.00
642.46	7175.00
642.48	7177.00
642.50	7414.00
642.51	7411.00
642.53	7069.00
642.55	6925.00
642.57	7198.00
642.58	7528.00
642.60	7386.00
642.62	7418.00
642.64	7081.00
642.65	7450.00
642.67	7334.00
642.69	6903.00
642.71	7358.00
642.73	7984.00
642.74	7405.00
642.76	7038.00
642.78	7389.00
642.80	7827.00
642.81	7737.00
642.83	7118.00
642.85	7083.00
642.87	7436.00
642.88	7492.00
642.90	7572.00
642.92	7903.00
642.94	7842.00
642.96	7743.00
642.97	7880.00
642.99	7718.00
643.01	7580.00
643.03	7567.00
643.04	7249.00
643.06	7692.00
643.08	8374.00
643.10	8054.00
643.11	7363.00
643.13	7513.00
643.15	7942.00
643.17	7770.00
643.18	7199.00
643.20	7432.00
643.22	7342.00
643.24	7209.00
643.25	7140.00
643.27	7245.00
643.29	7638.00
643.31	7585.00
643.32	7439.00
643.34	7294.00
643.36	7682.00
643.38	7562.00
643.40	7330.00
643.41	7583.00
643.43	7861.00
643.45	7732.00
643.47	7718.00
643.48	7863.00
643.50	7980.00
643.52	7838.00
643.54	7491.00
643.55	7819.00
643.57	7999.00
643.59	7933.00
643.61	7781.00
643.62	7914.00
643.64	8177.00
643.66	8148.00
643.68	7870.00
643.69	7828.00
643.71	8123.00
643.73	8086.00
643.75	7594.00
643.76	7796.00
643.78	8217.00
643.80	8196.00
643.82	7419.00
643.83	7508.00
643.85	8128.00
643.87	7943.00
643.89	7505.00
643.90	7954.00
643.92	8059.00
643.94	8117.00
643.96	7570.00
643.97	7656.00
643.99	7933.00
644.01	7294.00
644.03	6781.00
644.04	6738.00
644.06	6880.00
644.08	6964.00
644.10	7052.00
644.11	7385.00
644.13	7957.00
644.15	8291.00
644.17	8511.00
644.18	8333.00
644.20	8481.00
644.22	8555.00
644.24	7939.00
644.25	8071.00
644.27	8264.00
644.29	8309.00
644.30	8045.00
644.32	7936.00
644.34	8357.00
644.36	8128.00
644.37	8041.00
644.39	8154.00
644.41	8199.00
644.43	8032.00
644.44	7993.00
644.46	8251.00
644.48	8309.00
644.50	8254.00
644.51	8240.00
644.53	8277.00
644.55	8622.00
644.57	8689.00
644.58	8465.00
644.60	8636.00
644.62	8939.00
644.64	8992.00
644.65	8650.00
644.67	8429.00
644.69	8659.00
644.71	8510.00
644.72	8078.00
644.74	8283.00
644.76	8597.00
644.77	8620.00
644.79	8249.00
644.81	8665.00
644.83	9105.00
644.84	8553.00
644.86	8431.00
644.88	8533.00
644.90	8732.00
644.91	8574.00
644.93	8422.00
644.95	8886.00
644.97	9005.00
644.98	8933.00
645.00	8569.00
645.02	8648.00
645.03	8594.00
645.05	8290.00
645.07	8375.00
645.09	8491.00
645.10	7978.00
645.12	7660.00
645.14	7748.00
645.16	8283.00
645.17	8375.00
645.19	8506.00
645.21	8234.00
645.23	8796.00
645.24	8792.00
645.26	8878.00
645.28	8486.00
645.29	8847.00
645.31	8882.00
645.33	9053.00
645.35	9286.00
645.36	8976.00
645.38	9457.00
645.40	9428.00
645.42	8981.00
645.43	9117.00
645.45	9394.00
645.47	9407.00
645.48	9368.00
645.50	9124.00
645.52	9294.00
645.54	9059.00
645.55	8570.00
645.57	8802.00
645.59	9193.00
645.61	9173.00
645.62	8560.00
645.64	8517.00
645.66	9070.00
645.67	9167.00
645.69	8529.00
645.71	8839.00
645.73	8943.00
645.74	9038.00
645.76	8553.00
645.78	8688.00
645.79	9156.00
645.81	9071.00
645.83	8952.00
645.85	9070.00
645.86	9488.00
645.88	9526.00
645.90	9282.00
645.91	9531.00
645.93	9905.00
645.95	9689.00
645.97	9246.00
645.98	9225.00
646.00	9467.00
646.02	9098.00
646.04	8888.00
646.05	9219.00
646.07	9322.00
646.09	9355.00
646.10	9371.00
646.12	9374.00
646.14	9408.00
646.16	9365.00
646.17	9147.00
646.19	9071.00
646.21	9338.00
646.22	9237.00
646.24	8968.00
646.26	9063.00
646.28	9395.00
646.29	9602.00
646.31	9192.00
646.33	8973.00
646.34	9150.00
646.36	8323.00
646.38	7638.00
646.40	7743.00
646.41	8409.00
646.43	8593.00
646.45	8726.00
646.46	9045.00
646.48	9578.00
646.50	9516.00
646.51	9248.00
646.53	9307.00
646.55	9534.00
646.57	9083.00
646.58	9089.00
646.60	9577.00
646.62	9927.00
646.63	9866.00
646.65	9425.00
646.67	9712.00
646.69	9829.00
646.70	9655.00
646.72	9172.00
646.74	9225.00
646.75	9525.00
646.77	9221.00
646.79	9042.00
646.81	9333.00
646.82	9624.00
646.84	9491.00
646.86	9201.00
646.87	9397.00
646.89	9962.00
646.91	9649.00
646.92	9349.00
646.94	9815.00
646.96	9913.00
646.98	9949.00
646.99	9511.00
647.01	9446.00
647.03	9460.00
647.04	9325.00
647.06	9040.00
647.08	9076.00
647.09	9440.00
647.11	9343.00
647.13	9321.00
647.15	9591.00
647.16	9682.00
647.18	9726.00
647.20	9478.00
647.21	9610.00
647.23	9817.00
647.25	9693.00
647.26	9082.00
647.28	9107.00
647.30	9303.00
647.32	9312.00
647.33	9242.00
647.35	9859.00
647.37	10062.00
647.38	10289.00
647.40	9821.00
647.42	9604.00
647.43	9827.00
647.45	9996.00
647.47	10102.00
647.49	10135.00
647.50	10613.00
647.52	10463.00
647.54	9893.00
647.55	9929.00
647.57	10431.00
647.59	10457.00
647.60	9653.00
647.62	9354.00
647.64	9730.00
647.65	9531.00
647.67	9090.00
647.69	9282.00
647.71	9332.00
647.72	9441.00
647.74	9410.00
647.76	9753.00
647.77	10144.00
647.79	10109.00
647.81	9617.00
647.82	9796.00
647.84	10135.00
647.86	10093.00
647.87	10066.00
647.89	10145.00
647.91	10589.00
647.92	10483.00
647.94	10170.00
647.96	10405.00
647.98	10349.00
647.99	10158.00
648.01	9905.00
648.03	10373.00
648.04	10383.00
648.06	10120.00
648.08	10053.00
648.09	10047.00
648.11	10397.00
648.13	10380.00
648.14	10116.00
648.16	10009.00
648.18	10328.00
648.19	10158.00
648.21	9870.00
648.23	10194.00
648.25	10526.00
648.26	9978.00
648.28	9707.00
648.30	9790.00
648.31	10084.00
648.33	10012.00
648.35	9815.00
648.36	10021.00
648.38	10290.00
648.40	10104.00
648.41	9973.00
648.43	9886.00
648.45	9997.00
648.46	9615.00
648.48	9330.00
648.50	9660.00
648.51	10058.00
648.53	10058.00
648.55	9748.00
648.56	10131.00
648.58	10785.00
648.60	10459.00
648.61	10028.00
648.63	10179.00
648.65	10567.00
648.67	10566.00
648.68	10360.00
648.70	10597.00
648.72	11150.00
648.73	10612.00
648.75	10543.00
648.77	10606.00
648.78	10662.00
648.80	10768.00
648.82	10946.00
648.83	11352.00
648.85	11137.00
648.87	10849.00
648.88	10488.00
648.90	10502.00
648.92	10697.00
648.93	10680.00
648.95	10373.00
648.97	10614.00
648.98	10893.00
649.00	10792.00
649.02	10481.00
649.03	10537.00
649.05	10953.00
649.07	11104.00
649.08	11156.00
649.10	11275.00
649.12	11280.00
649.13	11158.00
649.15	10700.00
649.17	10264.00
649.18	10521.00
649.20	10714.00
649.22	10391.00
649.23	10419.00
649.25	10798.00
649.27	10834.00
649.28	10705.00
649.30	10652.00
649.32	11130.00
649.33	11340.00
649.35	11155.00
649.37	11186.00
649.38	11199.00
649.40	10944.00
649.42	10530.00
649.43	10366.00
649.45	10174.00
649.47	9785.00
649.48	9478.00
649.50	9795.00
649.52	10260.00
649.53	9900.00
649.55	9439.00
649.57	9605.00
649.58	9811.00
649.60	9469.00
649.62	9387.00
649.63	9774.00
649.65	10086.00
649.67	9882.00
649.68	9804.00
649.70	10207.00
649.72	10358.00
649.73	10112.00
649.75	9684.00
649.77	9536.00
649.78	9807.00
649.80	10036.00
649.82	10007.00
649.83	10090.00
649.85	10596.00
649.87	10879.00
649.88	10669.00
649.90	10931.00
649.92	11523.00
649.93	11214.00
649.95	11018.00
649.96	10911.00
649.98	10864.00
650.00	10396.00
650.01	10204.00
650.03	10471.00
650.05	10549.00
650.06	10313.00
650.08	10212.00
650.10	10748.00
650.11	11149.00
650.13	11268.00
650.15	11247.00
650.16	11211.00
650.18	11618.00
650.20	11574.00
650.21	10963.00
650.23	11048.00
650.25	11358.00
650.26	11212.00
650.28	11313.00
650.30	11675.00
650.31	11858.00
650.33	11801.00
650.35	11567.00
650.36	11864.00
650.38	12087.00
650.39	11727.00
650.41	11396.00
650.43	11611.00
650.44	11965.00
650.46	11905.00
650.48	11579.00
650.49	11672.00
650.51	12085.00
650.53	11866.00
650.54	11619.00
650.56	12086.00
650.58	12295.00
650.59	12059.00
650.61	11751.00
650.63	11973.00
650.64	11836.00
650.66	11928.00
650.67	11903.00
650.69	12032.00
650.71	12360.00
650.72	12134.00
650.74	12029.00
650.76	12114.00
650.77	12405.00
650.79	12161.00
650.81	12224.00
650.82	12212.00
650.84	12568.00
650.86	12452.00
650.87	12014.00
650.89	12019.00
650.90	12324.00
650.92	12223.00
650.94	11772.00
650.95	11897.00
650.97	12153.00
650.99	11945.00
651.00	11808.00
651.02	11973.00
651.04	12036.00
651.05	12040.00
651.07	11998.00
651.09	12428.00
651.10	12395.00
651.12	12335.00
651.13	12258.00
651.15	12428.00
651.17	12717.00
651.18	12259.00
651.20	12283.00
651.22	12297.00
651.23	12318.00
651.25	12061.00
651.27	11545.00
651.28	11795.00
651.30	11795.00
651.31	11867.00
651.33	11832.00
651.35	11998.00
651.36	12068.00
651.38	12062.00
651.40	12118.00
651.41	12236.00
651.43	12693.00
651.44	11954.00
651.46	11818.00
651.48	12230.00
651.49	12489.00
651.51	12506.00
651.53	12561.00
651.54	12590.00
651.56	12441.00
651.58	12271.00
651.59	12083.00
651.61	12372.00
651.62	12313.00
651.64	12319.00
651.66	12172.00
651.67	11975.00
651.69	11957.00
651.71	11598.00
651.72	11284.00
651.74	11481.00
651.75	11236.00
651.77	11486.00
651.79	11442.00
651.80	11456.00
651.82	11964.00
651.84	12409.00
651.85	12279.00
651.87	12057.00
651.88	12290.00
651.90	12044.00
651.92	11467.00
651.93	11285.00
651.95	11787.00
651.97	11527.00
651.98	11407.00
652.00	11725.00
652.01	11886.00
652.03	11823.00
652.05	11608.00
652.06	11678.00
652.08	12370.00
652.10	12813.00
652.11	12993.00
652.13	12623.00
652.14	12726.00
652.16	12607.00
652.18	12471.00
652.19	12535.00
652.21	12883.00
652.23	12945.00
652.24	12230.00
652.26	12543.00
652.27	12812.00
652.29	12386.00
652.31	12151.00
652.32	12477.00
652.34	12606.00
652.36	12467.00
652.37	11887.00
652.39	11827.00
652.40	12074.00
652.42	12101.00
652.44	12127.00
652.45	12198.00
652.47	12307.00
652.48	12368.00
652.50	12358.00
652.52	12603.00
652.53	12772.00
652.55	12747.00
652.57	12573.00
652.58	12871.00
652.60	13434.00
652.61	13582.00
652.63	13207.00
652.65	13067.00
652.66	13436.00
652.68	13439.00
652.69	13111.00
652.71	13131.00
652.73	12908.00
652.74	12553.00
652.76	12608.00
652.77	13007.00
652.79	12893.00
652.81	12625.00
652.82	12439.00
652.84	12527.00
652.86	13148.00
652.87	13337.00
652.89	12954.00
652.90	13063.00
652.92	13267.00
652.94	13212.00
652.95	12867.00
652.97	13333.00
652.98	13028.00
653.00	12867.00
653.02	12766.00
653.03	12903.00
653.05	12929.00
653.06	12871.00
653.08	12561.00
653.10	12948.00
653.11	13477.00
653.13	12846.00
653.14	12858.00
653.16	13029.00
653.18	13136.00
653.19	13287.00
653.21	13465.00
653.23	13132.00
653.24	13378.00
653.26	13256.00
653.27	12765.00
653.29	12704.00
653.31	12863.00
653.32	12650.00
653.34	12345.00
653.35	12619.00
653.37	12889.00
653.39	12979.00
653.40	12636.00
653.42	12846.00
653.43	13151.00
653.45	12868.00
653.47	12240.00
653.48	12248.00
653.50	12923.00
653.51	13257.00
653.53	12754.00
653.55	13009.00
653.56	14078.00
653.58	14387.00
653.59	13220.00
653.61	13313.00
653.63	13161.00
653.64	12981.00
653.66	12967.00
653.67	13242.00
653.69	13641.00
653.71	13520.00
653.72	13466.00
653.74	13389.00
653.75	13238.00
653.77	13078.00
653.78	12859.00
653.80	13157.00
653.82	13633.00
653.83	13187.00
653.85	12767.00
653.86	12970.00
653.88	13367.00
653.90	13050.00
653.91	12584.00
653.93	12621.00
653.94	12981.00
653.96	12931.00
653.98	12820.00
653.99	13065.00
654.01	13115.00
654.02	12839.00
654.04	12694.00
654.06	13150.00
654.07	13739.00
654.09	13447.00
654.10	13480.00
654.12	13406.00
654.14	13516.00
654.15	13612.00
654.17	14751.00
654.18	16383.00
654.20	13862.00
654.21	13909.00
654.23	13720.00
654.25	13570.00
654.26	13618.00
654.28	13695.00
654.29	13533.00
654.31	13029.00
654.33	13179.00
654.34	13356.00
654.36	13011.00
654.37	12796.00
654.39	13109.00
654.40	13157.00
654.42	12997.00
654.44	12701.00
654.45	12715.00
654.47	12481.00
654.48	12231.00
654.50	12755.00
654.52	13334.00
654.53	13419.00
654.55	13329.00
654.56	13615.00
654.58	13800.00
654.59	13675.00
654.61	13476.00
654.63	13560.00
654.64	13614.00
654.66	12956.00
654.67	12329.00
654.69	11920.00
654.71	11934.00
654.72	12418.00
654.74	13190.00
654.75	13172.00
654.77	13518.00
654.78	13411.00
654.80	13043.00
654.82	13204.00
654.83	13473.00
654.85	13171.00
654.86	12929.00
654.88	13367.00
654.89	13909.00
654.91	13884.00
654.93	13398.00
654.94	13114.00
654.96	13729.00
654.97	14140.00
654.99	13514.00
655.01	13291.00
655.02	13321.00
655.04	13572.00
655.05	13381.00
655.07	13284.00
655.08	13628.00
655.10	13724.00
655.12	13741.00
655.13	13930.00
655.15	13853.00
655.16	13922.00
655.18	13893.00
655.19	13753.00
655.21	13703.00
655.23	13568.00
655.24	13389.00
655.26	13899.00
655.27	14355.00
655.29	13951.00
655.30	13561.00
655.32	14127.00
655.34	14909.00
655.35	13126.00
655.37	13092.00
655.38	13703.00
655.40	13967.00
655.41	13746.00
655.43	13554.00
655.45	13586.00
655.46	14173.00
655.48	14103.00
655.49	13198.00
655.51	13005.00
655.52	13306.00
655.54	13516.00
655.55	13461.00
655.57	13534.00
655.59	13682.00
655.60	13273.00
655.62	12552.00
655.63	12468.00
655.65	12685.00
655.66	12963.00
655.68	12798.00
655.70	13233.00
655.71	13631.00
655.73	13542.00
655.74	13203.00
655.76	12921.00
655.77	13213.00
655.79	13274.00
655.80	13037.00
655.82	13405.00
655.84	13395.00
655.85	13116.00
655.87	12948.00
655.88	12771.00
655.90	13064.00
655.91	12933.00
655.93	12697.00
655.95	12830.00
655.96	13420.00
655.98	13338.00
655.99	12854.00
656.01	12801.00
656.02	12819.00
656.04	12738.00
656.05	12776.00
656.07	13371.00
656.09	12958.00
656.10	12817.00
656.12	12740.00
656.13	12366.00
656.15	12365.00
656.16	12219.00
656.18	12003.00
656.19	11791.00
656.21	12044.00
656.23	12081.00
656.24	11702.00
656.26	11757.00
656.27	11566.00
656.29	10631.00
656.30	9731.00
656.32	8357.00
656.33	7460.00
656.35	6522.00
656.37	5766.00
656.38	5625.00
656.40	6068.00
656.41	6568.00
656.43	7203.00
656.44	8537.00
656.46	9889.00
656.47	10324.00
656.49	10356.00
656.50	10816.00
656.52	11465.00
656.54	11777.00
656.55	11794.00
656.57	12183.00
656.58	12545.00
656.60	12707.00
656.61	12479.00
656.63	12492.00
656.64	12790.00
656.66	12850.00
656.68	12411.00
656.69	12577.00
656.71	12939.00
656.72	12898.00
656.74	12599.00
656.75	13145.00
656.77	13286.00
656.78	13365.00
656.80	13336.00
656.81	13452.00
656.83	13647.00
656.85	13554.00
656.86	13449.00
656.88	13340.00
656.89	13439.00
656.91	13195.00
656.92	13134.00
656.94	13050.00
656.95	13237.00
656.97	12888.00
656.98	12575.00
657.00	12112.00
657.01	12353.00
657.03	12785.00
657.05	12789.00
657.06	12966.00
657.08	13088.00
657.09	13240.00
657.11	13276.00
657.12	13767.00
657.14	13778.00
657.15	13288.00
657.17	13135.00
657.18	13255.00
657.20	13607.00
657.21	13789.00
657.23	13631.00
657.25	13851.00
657.26	14081.00
657.28	13627.00
657.29	13261.00
657.31	12933.00
657.32	13373.00
657.34	13472.00
657.35	13467.00
657.37	13900.00
657.38	13593.00
657.40	13464.00
657.41	13351.00
657.43	13767.00
657.45	14112.00
657.46	13830.00
657.48	13498.00
657.49	13517.00
657.51	13323.00
657.52	13398.00
657.54	13215.00
657.55	12961.00
657.57	12545.00
657.58	11564.00
657.60	11727.00
657.61	12189.00
657.63	12744.00
657.64	13146.00
657.66	12812.00
657.68	13058.00
657.69	13435.00
657.71	13275.00
657.72	13065.00
657.74	13317.00
657.75	13571.00
657.77	13192.00
657.78	12929.00
657.80	13098.00
657.81	13324.00
657.83	13323.00
657.84	13252.00
657.86	13876.00
657.87	14815.00
657.89	14082.00
657.90	13169.00
657.92	13170.00
657.93	13663.00
657.95	13842.00
657.97	13368.00
657.98	13417.00
658.00	13653.00
658.01	13550.00
658.03	13585.00
658.04	13718.00
658.06	13899.00
658.07	13632.00
658.09	13433.00
658.10	13437.00
658.12	13802.00
658.13	13653.00
658.15	13215.00
658.16	13237.00
658.18	13188.00
658.19	13014.00
658.21	12949.00
658.22	13649.00
658.24	14040.00
658.25	13672.00
658.27	13566.00
658.28	13530.00
658.30	13647.00
658.32	13526.00
658.33	13314.00
658.35	13272.00
658.36	13514.00
658.38	13185.00
658.39	12692.00
658.41	12438.00
658.42	12835.00
658.44	12801.00
658.45	12526.00
658.47	12856.00
658.48	13811.00
658.50	13810.00
658.51	13723.00
658.53	13554.00
658.54	13988.00
658.56	13935.00
658.57	13515.00
658.59	13677.00
658.60	13975.00
658.62	13615.00
658.63	13273.00
658.65	13321.00
658.66	13704.00
658.68	13375.00
658.69	12856.00
658.71	12797.00
658.72	12914.00
658.74	12298.00
658.75	12159.00
658.77	12729.00
658.78	13177.00
658.80	13092.00
658.82	12954.00
658.83	13029.00
658.85	13330.00
658.86	13373.00
658.88	13717.00
658.89	13900.00
658.91	13955.00
658.92	13830.00
658.94	13579.00
658.95	13531.00
658.97	13477.00
658.98	13318.00
659.00	13015.00
659.01	13194.00
659.03	13299.00
659.04	13426.00
659.06	13377.00
659.07	13677.00
659.09	13932.00
659.10	13724.00
659.12	13677.00
659.13	13829.00
659.15	13702.00
659.16	13411.00
659.18	13079.00
659.19	13321.00
659.21	13381.00
659.22	13504.00
659.24	13513.00
659.25	13630.00
659.27	13797.00
659.28	13639.00
659.30	13069.00
659.31	13245.00
659.33	13125.00
659.34	12566.00
659.36	11876.00
659.37	11477.00
659.39	11148.00
659.40	11793.00
659.42	11894.00
659.43	12377.00
659.45	12776.00
659.46	12271.00
659.48	11392.00
659.49	12029.00
659.51	12386.00
659.52	12361.00
659.54	12606.00
659.55	13294.00
659.57	13307.00
659.58	13262.00
659.60	13076.00
659.61	13674.00
659.63	13507.00
659.64	13220.00
659.66	13236.00
659.67	13285.00
659.69	13333.00
659.70	13057.00
659.72	12754.00
659.73	13048.00
659.75	13211.00
659.76	13194.00
659.78	12886.00
659.79	13027.00
659.81	12649.00
659.82	12543.00
659.84	12171.00
659.85	12323.00
659.87	12665.00
659.88	12681.00
659.90	12673.00
659.91	12480.00
659.93	12837.00
659.94	12688.00
659.96	12399.00
659.97	12634.00
659.99	13043.00
660.00	13267.00
660.01	12860.00
660.03	12860.00
660.04	13046.00
660.06	12875.00
660.07	12334.00
660.09	12351.00
660.10	12773.00
660.12	12846.00
660.13	12806.00
660.15	12766.00
660.16	13037.00
660.18	13373.00
660.19	13068.00
660.21	13240.00
660.22	13178.00
660.24	13254.00
660.25	13370.00
660.27	13266.00
660.28	13284.00
660.30	13159.00
660.31	12620.00
660.33	12541.00
660.34	12857.00
660.36	12741.00
660.37	12552.00
660.39	12544.00
660.40	12704.00
660.42	12580.00
660.43	12713.00
660.45	13478.00
660.46	13439.00
660.48	12986.00
660.49	12977.00
660.50	12866.00
660.52	12580.00
660.53	12065.00
660.55	11763.00
660.56	12024.00
660.58	12578.00
660.59	12756.00
660.61	12353.00
660.62	12588.00
660.64	12462.00
660.65	12533.00
660.67	12481.00
660.68	12492.00
660.70	12725.00
660.71	12340.00
660.73	12501.00
660.74	12654.00
660.76	12758.00
660.77	12532.00
660.79	12194.00
660.80	12492.00
660.82	13463.00
660.83	14101.00
660.84	12956.00
660.86	12925.00
660.87	12905.00
660.89	12667.00
660.90	12587.00
660.92	12459.00
660.93	12780.00
660.95	12771.00
660.96	12506.00
660.98	12461.00
660.99	11868.00
661.01	11532.00
661.02	11725.00
661.04	11807.00
661.05	12288.00
661.07	12730.00
661.08	11926.00
661.10	11941.00
661.11	12549.00
661.12	12898.00
661.14	12815.00
661.15	12840.00
661.17	13129.00
661.18	12961.00
661.20	12522.00
661.21	12699.00
661.23	12825.00
661.24	12690.00
661.26	12255.00
661.27	12300.00
661.29	12627.00
661.30	12370.00
661.32	12365.00
661.33	12220.00
661.34	12729.00
661.36	12498.00
661.37	12281.00
661.39	12375.00
661.40	12670.00
661.42	12697.00
661.43	12233.00
661.45	12269.00
661.46	12315.00
661.48	12279.00
661.49	12004.00
661.51	12027.00
661.52	12093.00
661.53	12036.00
661.55	11723.00
661.56	11991.00
661.58	12613.00
661.59	12743.00
661.61	12424.00
661.62	12648.00
661.64	12571.00
661.65	12599.00
661.67	12438.00
661.68	12648.00
661.70	13217.00
661.71	12954.00
661.72	12631.00
661.74	12307.00
661.75	12871.00
661.77	12659.00
661.78	11931.00
661.80	12284.00
661.81	12461.00
661.83	12423.00
661.84	12223.00
661.86	12198.00
661.87	12563.00
661.89	12712.00
661.90	12542.00
661.91	12272.00
661.93	12437.00
661.94	12538.00
661.96	12415.00
661.97	12552.00
661.99	12999.00
662.00	12327.00
662.02	12122.00
662.03	12282.00
662.05	12214.00
662.06	13023.00
662.07	13368.00
662.09	12080.00
662.10	12450.00
662.12	12521.00
662.13	12123.00
662.15	12136.00
662.16	12709.00
662.18	12673.00
662.19	12208.00
662.20	12214.00
662.22	12459.00
662.23	12078.00
662.25	12130.00
662.26	12330.00
662.28	12501.00
662.29	12400.00
662.31	12126.00
662.32	12329.00
662.34	12809.00
662.35	12295.00
662.36	12321.00
662.38	12817.00
662.39	12764.00
662.41	12581.00
662.42	12363.00
662.44	12400.00
662.45	12418.00
662.47	12390.00
662.48	12427.00
662.49	12002.00
662.51	12013.00
662.52	11976.00
662.54	11800.00
662.55	11786.00
662.57	12071.00
662.58	12125.00
662.60	11692.00
662.61	11510.00
662.62	11873.00
662.64	12122.00
662.65	11892.00
662.67	11826.00
662.68	12195.00
662.70	12265.00
662.71	12021.00
662.73	11963.00
662.74	12202.00
662.75	12465.00
662.77	11657.00
662.78	11601.00
662.80	12037.00
662.81	11879.00
662.83	11367.00
662.84	11388.00
662.85	11861.00
662.87	12092.00
662.88	11692.00
662.90	11465.00
662.91	11729.00
662.93	11730.00
662.94	11918.00
662.96	11786.00
662.97	12470.00
662.98	12432.00
663.00	11384.00
663.01	11626.00
663.03	12101.00
663.04	11854.00
663.06	11369.00
663.07	11654.00
663.08	12079.00
663.10	11905.00
663.11	11902.00
663.13	12420.00
663.14	12490.00
663.16	12012.00
663.17	11732.00
663.19	11986.00
663.20	12016.00
663.21	12148.00
663.23	12079.00
663.24	12242.00
663.26	12604.00
663.27	12232.00
663.29	12099.00
663.30	12299.00
663.31	12055.00
663.33	11924.00
663.34	11496.00
663.36	11864.00
663.37	12387.00
663.39	11883.00
663.40	11417.00
663.41	11340.00
663.43	11393.00
663.44	10909.00
663.46	10236.00
663.47	10539.00
663.49	10726.00
663.50	10696.00
663.51	10847.00
663.53	11273.00
663.54	11307.00
663.56	11343.00
663.57	11164.00
663.59	11198.00
663.60	11816.00
663.61	11635.00
663.63	11415.00
663.64	11192.00
663.66	11593.00
663.67	11705.00
663.68	11555.00
663.70	11406.00
663.71	11942.00
663.73	12099.00
663.74	11439.00
663.76	11876.00
663.77	12216.00
663.78	12178.00
663.80	12149.00
663.81	11770.00
663.83	12367.00
663.84	12422.00
663.86	12092.00
663.87	11872.00
663.88	12066.00
663.90	11604.00
663.91	11377.00
663.93	11529.00
663.94	11895.00
663.95	12227.00
663.97	12020.00
663.98	11723.00
664.00	12005.00
664.01	11742.00
664.03	10867.00
664.04	10945.00
664.05	11193.00
664.07	10917.00
664.08	10645.00
664.10	10886.00
664.11	11458.00
664.12	11494.00
664.14	11428.00
664.15	11103.00
664.17	11432.00
664.18	11471.00
664.20	11249.00
664.21	11471.00
664.22	11889.00
664.24	11566.00
664.25	11280.00
664.27	11498.00
664.28	11768.00
664.29	11777.00
664.31	11231.00
664.32	11211.00
664.34	11658.00
664.35	11539.00
664.37	10896.00
664.38	10837.00
664.39	10918.00
664.41	10721.00
664.42	10240.00
664.44	9827.00
664.45	9811.00
664.46	9894.00
664.48	10414.00
664.49	11194.00
664.51	11199.00
664.52	11484.00
664.53	11474.00
664.55	11680.00
664.56	11881.00
664.58	11865.00
664.59	11624.00
664.60	11598.00
664.62	11512.00
664.63	11319.00
664.65	11255.00
664.66	11152.00
664.67	11350.00
664.69	11181.00
664.70	10569.00
664.72	10856.00
664.73	11313.00
664.75	11135.00
664.76	11024.00
664.77	11133.00
664.79	11317.00
664.80	11333.00
664.82	10741.00
664.83	11114.00
664.84	11492.00
664.86	11318.00
664.87	11205.00
664.89	11171.00
664.90	11044.00
664.91	11060.00
664.93	11022.00
664.94	11363.00
664.96	11291.00
664.97	11105.00
664.98	10784.00
665.00	10714.00
665.01	11250.00
665.03	11194.00
665.04	10741.00
665.05	10920.00
665.07	11090.00
665.08	11181.00
665.10	10958.00
665.11	10792.00
665.12	11182.00
665.14	11099.00
665.15	10725.00
665.17	10714.00
665.18	10881.00
665.19	10986.00
665.21	10937.00
665.22	11064.00
665.23	11339.00
665.25	11258.00
665.26	10914.00
665.28	11070.00
665.29	11486.00
665.30	11350.00
665.32	10949.00
665.33	10937.00
665.35	11239.00
665.36	11060.00
665.37	11049.00
665.39	11266.00
665.40	11862.00
665.42	11823.00
665.43	11090.00
665.44	11058.00
665.46	11447.00
665.47	10986.00
665.49	10833.00
665.50	11177.00
665.51	11515.00
665.53	11619.00
665.54	11144.00
665.56	10716.00
665.57	10784.00
665.58	10639.00
665.60	10332.00
665.61	10540.00
665.62	10919.00
665.64	10819.00
665.65	10735.00
665.67	11159.00
665.68	11330.00
665.69	11421.00
665.71	11081.00
665.72	11133.00
665.74	11158.00
665.75	10867.00
665.76	10706.00
665.78	10724.00
665.79	11168.00
665.80	10959.00
665.82	10952.00
665.83	10723.00
665.85	11224.00
665.86	11476.00
665.87	10780.00
665.89	10589.00
665.90	11072.00
665.92	11015.00
665.93	10405.00
665.94	10216.00
665.96	10625.00
665.97	10763.00
665.98	10217.00
666.00	10326.00
666.01	10625.00
666.03	11013.00
666.04	10749.00
666.05	10479.00
666.07	10587.00
666.08	10691.00
666.09	10348.00
666.11	10737.00
666.12	11528.00
666.14	11286.00
666.15	10519.00
666.16	10369.00
666.18	10905.00
666.19	10472.00
666.20	10022.00
666.22	10226.00
666.23	10458.00
666.25	10307.00
666.26	10044.00
666.27	10165.00
666.29	10490.00
666.30	10417.00
666.31	10231.00
666.33	10087.00
666.34	10330.00
666.36	10349.00
666.37	10077.00
666.38	10048.00
666.40	9801.00
666.41	9289.00
666.42	8688.00
666.44	9088.00
666.45	9902.00
666.47	10137.00
666.48	9948.00
666.49	10230.00
666.51	10585.00
666.52	10777.00
666.53	10992.00
666.55	10978.00
666.56	10920.00
666.58	10693.00
666.59	10161.00
666.60	9970.00
666.62	9972.00
666.63	9635.00
666.64	9525.00
666.66	9808.00
666.67	9913.00
666.69	9947.00
666.70	9740.00
666.71	9610.00
666.73	10006.00
666.74	9954.00
666.75	10038.00
666.77	9902.00
666.78	10262.00
666.79	10293.00
666.81	10247.00
666.82	10558.00
666.84	10451.00
666.85	10471.00
666.86	10273.00
666.88	10397.00
666.89	10637.00
666.90	10278.00
666.92	10065.00
666.93	10353.00
666.94	10640.00
666.96	10565.00
666.97	10349.00
666.99	10528.00
667.00	11188.00
667.01	10822.00
667.03	10466.00
667.04	10409.00
667.05	10970.00
667.07	10705.00
667.08	10310.00
667.09	10537.00
667.11	10486.00
667.12	10153.00
667.13	10100.00
667.15	10249.00
667.16	10402.00
667.18	10525.00
667.19	10296.00
667.20	10428.00
667.22	10772.00
667.23	10364.00
667.24	9877.00
667.26	9955.00
667.27	10394.00
667.28	10241.00
667.30	9956.00
667.31	9761.00
667.32	10218.00
667.34	10288.00
667.35	10084.00
667.37	10250.00
667.38	10435.00
667.39	10449.00
667.41	10169.00
667.42	10244.00
667.43	10601.00
667.45	10197.00
667.46	10043.00
667.47	9926.00
667.49	10265.00
667.50	10000.00
667.51	9796.00
667.53	10086.00
667.54	10362.00
667.55	9971.00
667.57	9697.00
667.58	9788.00
667.60	10270.00
667.61	10682.00
667.62	10180.00
667.64	10303.00
667.65	10518.00
667.66	10302.00
667.68	9887.00
667.69	10076.00
667.70	10025.00
667.72	9834.00
667.73	9702.00
667.74	9842.00
667.76	9747.00
667.77	9868.00
667.78	9639.00
667.80	10067.00
667.81	10274.00
667.82	10053.00
667.84	9654.00
667.85	9455.00
667.86	8942.00
667.88	8472.00
667.89	8417.00
667.91	8998.00
667.92	9386.00
667.93	9808.00
667.95	9631.00
667.96	9524.00
667.97	9966.00
667.99	10001.00
668.00	9710.00
668.01	9706.00
668.03	9849.00
668.04	9856.00
668.05	9397.00
668.07	9457.00
668.08	10015.00
668.09	9897.00
668.11	9491.00
668.12	9520.00
668.13	10192.00
668.15	10454.00
668.16	9852.00
668.17	10433.00
668.19	10606.00
668.20	10353.00
668.21	9872.00
668.23	10103.00
668.24	10709.00
668.25	10727.00
668.27	10531.00
668.28	10528.00
668.29	10603.00
668.31	10297.00
668.32	9933.00
668.33	10043.00
668.35	10256.00
668.36	10109.00
668.37	9553.00
668.39	9396.00
668.40	9699.00
668.41	9724.00
668.43	9250.00
668.44	9448.00
668.45	9811.00
668.47	9678.00
668.48	9585.00
668.49	9465.00
668.51	10061.00
668.52	9924.00
668.53	9916.00
668.55	9753.00
668.56	9977.00
668.57	9668.00
668.59	9489.00
668.60	9567.00
668.61	9986.00
668.63	9890.00
668.64	9624.00
668.65	9609.00
668.67	10062.00
668.68	9876.00
668.69	9762.00
668.71	9779.00
668.72	10141.00
668.73	10013.00
668.75	9713.00
668.76	10125.00
668.77	10282.00
668.79	9900.00
668.80	9702.00
668.81	9777.00
668.83	10137.00
668.84	10101.00
668.85	9661.00
668.87	9887.00
668.88	9832.00
668.89	9591.00
668.91	9532.00
668.92	9831.00
668.93	9931.00
668.95	9824.00
668.96	9612.00
668.97	9546.00
668.98	9624.00
669.00	9696.00
669.01	9198.00
669.02	9490.00
669.04	9876.00
669.05	9478.00
669.06	9308.00
669.08	9300.00
669.09	9585.00
669.10	9402.00
669.12	9480.00
669.13	9553.00
669.14	9808.00
669.16	9504.00
669.17	9273.00
669.18	9682.00
669.20	9967.00
669.21	9587.00
669.22	9273.00
669.24	9773.00
669.25	10204.00
669.26	9874.00
669.28	9256.00
669.29	9088.00
669.30	9489.00
669.31	9198.00
669.33	9000.00
669.34	9197.00
669.35	9617.00
669.37	9774.00
669.38	9425.00
669.39	9491.00
669.41	9579.00
669.42	9693.00
669.43	9426.00
669.45	9032.00
669.46	9404.00
669.47	9770.00
669.49	9388.00
669.50	9653.00
669.51	9810.00
669.53	9836.00
669.54	9470.00
669.55	9482.00
669.56	9845.00
669.58	9334.00
669.59	9378.00
669.60	9621.00
669.62	9746.00
669.63	9526.00
669.64	9057.00
669.66	9049.00
669.67	8987.00
669.68	9098.00
669.70	8652.00
669.71	8742.00
669.72	9132.00
669.73	9352.00
669.75	9276.00
669.76	9092.00
669.77	9296.00
669.79	9116.00
669.80	8872.00
669.81	9009.00
669.83	8991.00
669.84	9129.00
669.85	9006.00
669.87	9073.00
669.88	9453.00
669.89	9304.00
669.90	8836.00
669.92	8809.00
669.93	9040.00
669.94	8859.00
669.96	8537.00
669.97	8650.00
669.98	9112.00
670.00	8958.00
670.01	8711.00
670.02	8810.00
670.03	9584.00
670.05	9556.00
670.06	8935.00
670.07	9203.00
670.09	9403.00
670.10	9632.00
670.11	9412.00
670.13	9216.00
670.14	9257.00
670.15	8990.00
670.16	8654.00
670.18	8596.00
670.19	8862.00
670.20	9304.00
670.22	9189.00
670.23	8972.00
670.24	9061.00
670.26	9114.00
670.27	8690.00
670.28	8960.00
670.29	9045.00
670.31	8897.00
670.32	8512.00
670.33	8599.00
670.35	8911.00
670.36	8817.00
670.37	8737.00
670.39	9573.00
670.40	9925.00
670.41	8984.00
670.42	8515.00
670.44	8586.00
670.45	8667.00
670.46	8525.00
670.48	8560.00
670.49	8885.00
670.50	8908.00
670.51	8785.00
670.53	8681.00
670.54	8805.00
670.55	8601.00
670.57	8393.00
670.58	8137.00
670.59	8587.00
670.60	9031.00
670.62	9276.00
670.63	8891.00
670.64	8921.00
670.66	9258.00
670.67	9288.00
670.68	8700.00
670.70	8621.00
670.71	9030.00
670.72	9099.00
670.73	9487.00
670.75	8877.00
670.76	8989.00
670.77	8751.00
670.79	8667.00
670.80	8516.00
670.81	8640.00
670.82	8650.00
670.84	8458.00
670.85	8513.00
670.86	8532.00
670.88	8411.00
670.89	8322.00
670.90	8426.00
670.91	8741.00
670.93	8894.00
670.94	8282.00
670.95	8402.00
670.97	8785.00
670.98	8741.00
670.99	8429.00
671.00	8517.00
671.02	9016.00
671.03	8808.00
671.04	8321.00
671.05	8336.00
671.07	8673.00
671.08	8801.00
671.09	8905.00
671.11	8974.00
671.12	9229.00
671.13	9001.00
671.14	8795.00
671.16	8527.00
671.17	8824.00
671.18	8892.00
671.20	8413.00
671.21	8538.00
671.22	8801.00
671.23	8926.00
671.25	8644.00
671.26	8931.00
671.27	9229.00
671.29	8917.00
671.30	8637.00
671.31	8634.00
671.32	8868.00
671.34	8665.00
671.35	8163.00
671.36	8099.00
671.37	8441.00
671.39	8457.00
671.40	8227.00
671.41	8476.00
671.43	8041.00
671.44	8083.00
671.45	8104.00
671.46	8780.00
671.48	9321.00
671.49	8746.00
671.50	8209.00
671.51	8231.00
671.53	8805.00
671.54	8778.00
671.55	8347.00
671.57	8473.00
671.58	8301.00
671.59	8229.00
671.60	7911.00
671.62	8065.00
671.63	7888.00
671.64	7964.00
671.65	7826.00
671.67	8006.00
671.68	8471.00
671.69	8412.00
671.70	8181.00
671.72	8383.00
671.73	8801.00
671.74	8473.00
671.76	8147.00
671.77	8316.00
671.78	8481.00
671.79	8037.00
671.81	7088.00
671.82	6898.00
671.83	7257.00
671.84	7718.00
671.86	7386.00
671.87	7644.00
671.88	8088.00
671.89	8317.00
671.91	7725.00
671.92	7788.00
671.93	8129.00
671.95	8266.00
671.96	8196.00
671.97	8256.00
671.98	8573.00
672.00	8380.00
672.01	8170.00
672.02	8115.00
672.03	8519.00
672.05	8212.00
672.06	8056.00
672.07	8293.00
672.08	8285.00
672.10	8515.00
672.11	8479.00
672.12	8197.00
672.13	8240.00
672.15	8146.00
672.16	7708.00
672.17	8279.00
672.18	8765.00
672.20	8616.00
672.21	8597.00
672.22	8473.00
672.24	8357.00
672.25	8089.00
672.26	7447.00
672.27	7686.00
672.29	8010.00
672.30	7849.00
672.31	7578.00
672.32	7731.00
672.34	8243.00
672.35	8529.00
672.36	7818.00
672.37	7922.00
672.39	8056.00
672.40	7669.00
672.41	7582.00
672.42	8053.00
672.44	8356.00
672.45	8583.00
672.46	8179.00
672.47	8368.00
672.49	8279.00
672.50	7964.00
672.51	7735.00
672.52	7624.00
672.54	8094.00
672.55	8192.00
672.56	8108.00
672.57	7985.00
672.59	8162.00
672.60	7854.00
672.61	7852.00
672.62	7892.00
672.64	8010.00
672.65	7753.00
672.66	7469.00
672.67	7712.00
672.69	8197.00
672.70	7997.00
672.71	7384.00
672.72	7519.00
672.74	7817.00
672.75	7738.00
672.76	7776.00
672.77	7826.00
672.79	8029.00
672.80	8369.00
672.81	7849.00
672.82	7898.00
672.84	8130.00
672.85	8250.00
672.86	8201.00
672.87	7882.00
672.89	8340.00
672.90	8561.00
672.91	7934.00
672.92	8048.00
672.93	8093.00
672.95	8008.00
672.96	7564.00
672.97	7677.00
672.98	7962.00
673.00	7955.00
673.01	7840.00
673.02	8050.00
673.03	8292.00
673.05	8124.00
673.06	7510.00
673.07	7730.00
673.08	7989.00
673.10	7857.00
673.11	7693.00
673.12	7922.00
673.13	8277.00
673.15	8213.00
673.16	7837.00
673.17	8078.00
673.18	7887.00
673.20	7755.00
673.21	7632.00
673.22	7757.00
673.23	8025.00
673.24	7937.00
673.26	7197.00
673.27	7387.00
673.28	7703.00
673.29	7452.00
673.31	7355.00
673.32	7543.00
673.33	7506.00
673.34	7543.00
673.36	7299.00
673.37	7373.00
673.38	8146.00
673.39	7633.00
673.40	7315.00
673.42	7263.00
673.43	7644.00
673.44	7621.00
673.45	7411.00
673.47	7505.00
673.48	8200.00
673.49	7812.00
673.50	7414.00
673.52	7465.00
673.53	7533.00
673.54	7397.00
673.55	7240.00
673.56	7280.00
673.58	7844.00
673.59	7760.00
673.60	7404.00
673.61	7236.00
673.63	7667.00
673.64	7706.00
673.65	7379.00
673.66	7144.00
673.68	7362.00
673.69	7498.00
673.70	7396.00
673.71	7365.00
673.72	7503.00
673.74	7380.00
673.75	7006.00
673.76	7250.00
673.77	7521.00
673.79	7684.00
673.80	7410.00
673.81	7220.00
673.82	7495.00
673.83	7403.00
673.85	6713.00
673.86	6827.00
673.87	7296.00
673.88	7492.00
673.90	7119.00
673.91	7153.00
673.92	7863.00
673.93	6989.00
673.94	6620.00
673.96	6837.00
673.97	6907.00
673.98	6985.00
673.99	6897.00
674.01	7051.00
674.02	7410.00
674.03	7340.00
674.04	6997.00
674.05	7016.00
674.07	7410.00
674.08	7402.00
674.09	7187.00
674.10	7510.00
674.12	7466.00
674.13	7147.00
674.14	6894.00
674.15	7301.00
674.16	7640.00
674.18	7566.00
674.19	7038.00
674.20	7213.00
674.21	7033.00
674.22	7075.00
674.24	6940.00
674.25	6877.00
674.26	7486.00
674.27	8151.00
674.29	7498.00
674.30	7139.00
674.31	7514.00
674.32	7426.00
674.33	7341.00
674.35	7504.00
674.36	7267.00
674.37	7531.00
674.38	7012.00
674.39	6964.00
674.41	7449.00
674.42	7232.00
674.43	6682.00
674.44	6636.00
674.46	6981.00
674.47	6942.00
674.48	6929.00
674.49	7026.00
674.50	7242.00
674.52	7286.00
674.53	7150.00
674.54	7082.00
674.55	7143.00
674.56	7286.00
674.58	7197.00
674.59	7188.00
674.60	7207.00
674.61	7177.00
674.62	6872.00
674.64	6966.00
674.65	7502.00
674.66	7164.00
674.67	6906.00
674.68	7259.00
674.70	7595.00
674.71	7484.00
674.72	7206.00
674.73	7160.00
674.74	7210.00
674.76	7244.00
674.77	6975.00
674.78	7361.00
674.79	7781.00
674.80	7280.00
674.82	6914.00
674.83	6829.00
674.84	7225.00
674.85	6952.00
674.86	6592.00
674.88	6750.00
674.89	6896.00
674.90	6918.00
674.91	6922.00
674.92	6772.00
674.94	7280.00
674.95	7090.00
674.96	6692.00
674.97	6562.00
674.98	7084.00
675.00	7150.00
675.01	6577.00
675.02	6718.00
675.03	6916.00
675.04	6657.00
675.06	6366.00
675.07	6618.00
675.08	7286.00
675.09	6920.00
675.10	6732.00
675.12	6796.00
675.13	6921.00
675.14	6890.00
675.15	6557.00
675.16	6531.00
675.18	6808.00
675.19	6754.00
675.20	6523.00
675.21	6612.00
675.22	7065.00
675.24	6983.00
675.25	6475.00
675.26	6674.00
675.27	6727.00
675.28	6612.00
675.30	6510.00
675.31	6757.00
675.32	6883.00
675.33	6926.00
675.34	6478.00
675.36	6644.00
675.37	6955.00
675.38	6834.00
675.39	6532.00
675.40	6567.00
675.41	6868.00
675.43	6742.00
675.44	6519.00
675.45	6856.00
675.46	7063.00
675.47	6497.00
675.49	6302.00
675.50	6680.00
675.51	7103.00
675.52	7086.00
675.53	6785.00
675.55	6903.00
675.56	7009.00
675.57	6682.00
675.58	6462.00
675.59	6508.00
675.60	6764.00
675.62	6679.00
675.63	6432.00
675.64	6369.00
675.65	6757.00
675.66	7008.00
675.68	6702.00
675.69	6538.00
675.70	6829.00
675.71	6777.00
675.72	6865.00
675.73	7040.00
675.75	6814.00
675.76	6881.00
675.77	6448.00
675.78	6574.00
675.79	6870.00
675.81	6892.00
675.82	6358.00
675.83	6549.00
675.84	6996.00
675.85	6718.00
675.86	6689.00
675.88	6808.00
675.89	6881.00
675.90	6749.00
675.91	6638.00
675.92	6708.00
675.94	6769.00
675.95	6525.00
675.96	6299.00
675.97	6549.00
675.98	6664.00
675.99	6465.00
676.01	6278.00
676.02	6310.00
676.03	6655.00
676.04	6654.00
676.05	6265.00
676.06	6489.00
676.08	7122.00
676.09	6652.00
676.10	6331.00
676.11	6750.00
676.12	6948.00
676.13	6868.00
676.15	6412.00
676.16	6537.00
676.17	6696.00
676.18	6569.00
676.19	6308.00
676.21	6521.00
676.22	6698.00
676.23	6138.00
676.24	6094.00
676.25	6589.00
676.26	6621.00
676.28	6437.00
676.29	6093.00
676.30	6398.00
676.31	6885.00
676.32	6515.00
676.33	6596.00
676.35	6310.00
676.36	6578.00
676.37	6267.00
676.38	6039.00
676.39	6420.00
676.40	6807.00
676.42	6405.00
676.43	6072.00
676.44	6286.00
676.45	6616.00
676.46	6084.00
676.47	6105.00
676.49	6227.00
676.50	6501.00
676.51	6776.00
676.52	6130.00
676.53	6065.00
676.54	6365.00
676.56	6089.00
676.57	5625.00
676.58	5960.00
676.59	6390.00
676.60	6540.00
676.61	6051.00
676.63	5953.00
676.64	6314.00
676.65	6198.00
676.66	6020.00
676.67	5941.00
676.68	6327.00
676.69	6278.00
676.71	6052.00
676.72	6462.00
676.73	6929.00
676.74	6620.00
676.75	5962.00
676.76	6046.00
676.78	6000.00
676.79	5880.00
676.80	5395.00
676.81	5601.00
676.82	6184.00
676.83	6188.00
676.85	5557.00
676.86	5775.00
676.87	6153.00
676.88	6253.00
676.89	5947.00
676.90	6023.00
676.91	6523.00
676.93	6288.00
676.94	5947.00
676.95	6010.00
676.96	6485.00
676.97	6568.00
676.98	6116.00
677.00	6078.00
677.01	6413.00
677.02	6265.00
677.03	6064.00
677.04	6258.00
677.05	6630.00
677.06	6390.00
677.08	5983.00
677.09	6149.00
677.10	6289.00
677.11	6270.00
677.12	6128.00
677.13	6568.00
677.15	6443.00
677.16	6238.00
677.17	5827.00
677.18	5752.00
677.19	6174.00
677.20	6129.00
677.21	5866.00
677.23	5818.00
677.24	5923.00
677.25	6088.00
677.26	5678.00
677.27	5558.00
677.28	6215.00
677.29	6160.00
677.31	5781.00
677.32	5557.00
677.33	5792.00
677.34	5692.00
677.35	5323.00
677.36	5556.00
677.38	5872.00
677.39	5919.00
677.40	5718.00
677.41	5836.00
677.42	6134.00
677.43	6007.00
677.44	5889.00
677.46	5966.00
677.47	6252.00
677.48	6129.00
677.49	5961.00
677.50	5791.00
677.51	6151.00
677.52	6161.00
677.54	5985.00
677.55	5915.00
677.56	6360.00
677.57	6154.00
677.58	5874.00
677.59	6173.00
677.60	6520.00
677.61	5899.00
677.63	5612.00
677.64	5735.00
677.65	5785.00
677.66	5942.00
677.67	5723.00
677.68	5806.00
677.69	6004.00
677.71	6092.00
677.72	5542.00
677.73	5616.00
677.74	6183.00
677.75	5951.00
677.76	5227.00
677.77	5383.00
677.79	5587.00
677.80	5804.00
677.81	5515.00
677.82	5689.00
677.83	5860.00
677.84	5820.00
677.85	5354.00
677.86	5437.00
677.88	5599.00
677.89	5473.00
677.90	5389.00
677.91	5646.00
677.92	5925.00
677.93	5714.00
677.94	5510.00
677.96	5575.00
677.97	5790.00
677.98	5769.00
677.99	5303.00
678.00	5545.00
678.01	6088.00
678.02	6083.00
678.03	5485.00
678.05	5391.00
678.06	5753.00
678.07	5820.00
678.08	5445.00
678.09	5549.00
678.10	6041.00
678.11	5994.00
678.13	5730.00
678.14	5592.00
678.15	5966.00
678.16	5768.00
678.17	5349.00
678.18	5326.00
678.19	5702.00
678.20	5750.00
678.22	5485.00
678.23	5781.00
678.24	5842.00
678.25	5760.00
678.26	5400.00
678.27	5407.00
678.28	5733.00
678.29	5642.00
678.31	5169.00
678.32	5479.00
678.33	5976.00
678.34	5803.00
678.35	5638.00
678.36	5840.00
678.37	5893.00
678.38	5544.00
678.40	5402.00
678.41	5557.00
678.42	5903.00
678.43	5835.00
678.44	5146.00
678.45	5293.00
678.46	5767.00
678.47	5305.00
678.48	4954.00
678.50	5355.00
678.51	5341.00
678.52	5295.00
678.53	5123.00
678.54	5173.00
678.55	5872.00
678.56	5744.00
678.57	5621.00
678.59	5712.00
678.60	5500.00
678.61	5410.00
678.62	5470.00
678.63	5517.00
678.64	5606.00
678.65	5675.00
678.66	5442.00
678.67	5359.00
678.69	5471.00
678.70	5334.00
678.71	5085.00
678.72	5006.00
678.73	5342.00
678.74	5273.00
678.75	5006.00
678.76	5032.00
678.77	5562.00
678.79	5393.00
678.80	5073.00
678.81	5453.00
678.82	5894.00
678.83	5257.00
678.84	5177.00
678.85	5299.00
678.86	5518.00
678.87	5554.00
678.89	5223.00
678.90	5125.00
678.91	5305.00
678.92	5131.00
678.93	4786.00
678.94	5202.00
678.95	5894.00
678.96	5616.00
678.97	5274.00
678.99	5125.00
679.00	5661.00
679.01	5364.00
679.02	4894.00
679.03	5156.00
679.04	5413.00
679.05	5238.00
679.06	5042.00
679.07	5072.00
679.09	5167.00
679.10	5025.00
679.11	4735.00
679.12	5315.00
679.13	5704.00
679.14	5317.00
679.15	5175.00
679.16	5244.00
679.17	5416.00
679.18	5176.00
679.20	4961.00
679.21	5310.00
679.22	5092.00
679.23	5059.00
679.24	5177.00
679.25	5144.00
679.26	5363.00
679.27	5363.00
679.28	4935.00
679.29	4930.00
679.31	5110.00
679.32	4885.00
679.33	4775.00
679.34	5121.00
679.35	4824.00
679.36	4809.00
679.37	4597.00
679.38	4611.00
679.39	5054.00
679.40	5323.00
679.42	4892.00
679.43	5212.00
679.44	5289.00
679.45	5157.00
679.46	4901.00
679.47	5017.00
679.48	5211.00
679.49	5189.00
679.50	5045.00
679.51	4941.00
679.53	5064.00
679.54	5067.00
679.55	4888.00
679.56	4808.00
679.57	4966.00
679.58	4974.00
679.59	4538.00
679.60	4838.00
679.61	5015.00
679.62	5020.00
679.63	4508.00
679.65	4827.00
679.66	5171.00
679.67	5203.00
679.68	4709.00
679.69	4536.00
679.70	4728.00
679.71	4844.00
679.72	4873.00
679.73	4680.00
679.74	5279.00
679.75	5153.00
679.77	4697.00
679.78	5487.00
679.79	5836.00
679.80	4690.00
679.81	4536.00
679.82	4817.00
679.83	5161.00
679.84	4932.00
679.85	4648.00
679.86	4592.00
679.87	5164.00
679.89	5426.00
679.90	4707.00
679.91	4568.00
679.92	5043.00
679.93	4761.00
679.94	4414.00
679.95	4677.00
679.96	4808.00
679.97	4568.00
679.98	4542.00
679.99	5061.00
680.00	5145.00
680.02	4605.00
680.03	4418.00
680.04	4727.00
680.05	4947.00
680.06	4624.00
680.07	4309.00
680.08	4544.00
680.09	5004.00
680.10	4622.00
680.11	4382.00
680.12	4460.00
680.13	4890.00
680.15	4808.00
680.16	4809.00
680.17	4625.00
680.18	4995.00
680.19	4875.00
680.20	4586.00
680.21	4640.00
680.22	5005.00
680.23	4569.00
680.24	4099.00
680.25	4427.00
680.26	4877.00
680.27	4398.00
680.29	4092.00
680.30	4618.00
680.31	5301.00
680.32	4698.00
680.33	4329.00
680.34	4734.00
680.35	5133.00
680.36	4788.00
680.37	4036.00
680.38	4237.00
680.39	4637.00
680.40	4643.00
680.41	4316.00
680.43	4265.00
680.44	4562.00
680.45	4366.00
680.46	3974.00
680.47	4036.00
680.48	4351.00
680.49	4623.00
680.50	4241.00
680.51	4332.00
680.52	4437.00
680.53	4221.00
680.54	3914.00
680.55	3981.00
680.56	4520.00
680.58	4501.00
680.59	4298.00
680.60	4312.00
680.61	4646.00
680.62	4493.00
680.63	3960.00
680.64	4090.00
680.65	4584.00
680.66	4433.00
680.67	4150.00
680.68	4114.00
680.69	4272.00
680.70	4063.00
680.71	3710.00
680.72	3946.00
680.74	4493.00
680.75	4372.00
680.76	4173.00
680.77	4361.00
680.78	4813.00
680.79	4249.00
680.80	4102.00
680.81	4734.00
680.82	4691.00
680.83	4554.00
680.84	4213.00
680.85	4451.00
680.86	4879.00
680.87	4734.00
680.88	4215.00
680.89	4145.00
680.91	4399.00
680.92	4648.00
680.93	4072.00
680.94	4098.00
680.95	4863.00
680.96	4409.00
680.97	4001.00
680.98	4358.00
680.99	4716.00
681.00	4497.00
681.01	4160.00
681.02	4270.00
681.03	4510.00
681.04	4284.00
681.05	3894.00
681.06	4012.00
681.07	4505.00
681.09	4714.00
681.10	3807.00
681.11	4075.00
681.12	4697.00
681.13	4288.00
681.14	4314.00
681.15	4912.00
681.16	4534.00
681.17	4338.00
681.18	4007.00
681.19	3977.00
681.20	4526.00
681.21	4304.00
681.22	3960.00
681.23	3855.00
681.24	4069.00
681.25	3797.00
681.26	3720.00
681.28	4035.00
681.29	4246.00
681.30	4258.00
681.31	3824.00
681.32	4097.00
681.33	4339.00
681.34	4297.00
681.35	3770.00
681.36	4173.00
681.37	4583.00
681.38	4309.00
681.39	3819.00
681.40	4045.00
681.41	4308.00
681.42	4356.00
681.43	4126.00
681.44	4120.00
681.45	4317.00
681.46	3923.00
681.47	3705.00
681.49	4009.00
681.50	4206.00
681.51	4040.00
681.52	3793.00
681.53	3876.00
681.54	4172.00
681.55	3867.00
681.56	3518.00
681.57	3630.00
681.58	3996.00
681.59	4250.00
681.60	3722.00
681.61	3702.00
681.62	4139.00
681.63	4252.00
681.64	3985.00
681.65	4108.00
681.66	4345.00
681.67	4247.00
681.68	4206.00
681.69	3928.00
681.70	4105.00
681.71	3983.00
681.73	3566.00
681.74	3695.00
681.75	4178.00
681.76	3909.00
681.77	3653.00
681.78	3638.00
681.79	3803.00
681.80	3827.00
681.81	3696.00
681.82	3763.00
681.83	4260.00
681.84	3847.00
681.85	3456.00
681.86	3670.00
681.87	4031.00
681.88	4003.00
681.89	3498.00
681.90	3597.00
681.91	3924.00
681.92	4132.00
681.93	3443.00
681.94	3432.00
681.95	3814.00
681.96	3697.00
681.97	3565.00
681.98	3922.00
682.00	3982.00
682.01	3732.00
682.02	3632.00
682.03	3299.00
682.04	3635.00
682.05	3777.00
682.06	3311.00
682.07	3412.00
682.08	3868.00
682.09	3591.00
682.10	3354.00
682.11	3363.00
682.12	3913.00
682.13	3680.00
682.14	3352.00
682.15	3520.00
682.16	3586.00
682.17	3371.00
682.18	3205.00
682.19	3500.00
682.20	3505.00
682.21	3271.00
682.22	2946.00
682.23	3137.00
682.24	3499.00
682.25	3419.00
682.26	3238.00
682.27	3576.00
682.28	3636.00
682.29	3526.00
682.30	3161.00
682.31	3440.00
682.32	3908.00
682.34	3668.00
682.35	3200.00
682.36	3373.00
682.37	3641.00
682.38	3520.00
682.39	3121.00
682.40	3298.00
682.41	3634.00
682.42	3670.00
682.43	3016.00
682.44	3306.00
682.45	3824.00
682.46	3523.00
682.47	3146.00
682.48	3309.00
682.49	3558.00
682.50	3279.00
682.51	3002.00
682.52	3472.00
682.53	3701.00
682.54	3237.00
682.55	3205.00
682.56	3862.00
682.57	3843.00
682.58	3578.00
682.59	3309.00
682.60	3072.00
682.61	3633.00
682.62	3902.00
682.63	3398.00
682.64	3108.00
682.65	3328.00
682.66	3338.00
682.67	3041.00
682.68	3265.00
682.69	3386.00
682.70	3388.00
682.71	3134.00
682.72	2927.00
682.73	3541.00
682.74	3299.00
682.75	2886.00
682.76	3190.00
682.77	3830.00
682.78	3338.00
682.79	2742.00
682.80	3013.00
682.81	3497.00
682.82	3305.00
682.83	3007.00
682.84	3188.00
682.85	3505.00
682.86	3314.00
682.88	2857.00
682.89	2961.00
682.90	2974.00
682.91	2942.00
682.92	2730.00
682.93	2812.00
682.94	3218.00
682.95	3254.00
682.96	2739.00
682.97	3145.00
682.98	3284.00
682.99	3051.00
683.00	3109.00
683.01	2660.00
683.02	3011.00
683.03	2906.00
683.04	2480.00
683.05	2985.00
683.06	3724.00
683.07	3046.00
683.08	2641.00
683.09	2660.00
683.10	3105.00
683.11	3558.00
683.12	3012.00
683.13	2612.00
683.14	3265.00
683.15	3054.00
683.16	2769.00
683.17	2810.00
683.18	3072.00
683.19	3154.00
683.20	2721.00
683.21	2800.00
683.22	3444.00
683.23	2825.00
683.24	2539.00
683.25	2664.00
683.26	3053.00
683.27	2921.00
683.28	2457.00
683.29	2882.00
683.30	3278.00
683.31	3318.00
683.32	2501.00
683.33	2690.00
683.34	3226.00
683.35	3010.00
683.36	2289.00
683.37	2468.00
683.38	2994.00
683.39	2747.00
683.40	2621.00
683.41	2756.00
683.42	2959.00
683.43	2667.00
683.44	2393.00
683.45	2320.00
683.46	2737.00
683.47	2838.00
683.48	2387.00
683.49	2646.00
683.50	3341.00
683.51	2760.00
683.52	2153.00
683.53	2389.00
683.54	2954.00
683.55	2903.00
683.56	2550.00
683.57	2877.00
683.58	3073.00
683.59	2836.00
683.60	2370.00
683.61	2570.00
683.62	2818.00
683.63	2822.00
683.64	2425.00
683.65	2452.00
683.66	2705.00
683.67	2644.00
683.68	2247.00
683.69	2282.00
683.70	2654.00
683.71	2444.00
683.72	2308.00
683.73	2286.00
683.74	2568.00
683.75	2514.00
683.76	2225.00
683.77	2274.00
683.78	2813.00
683.78	2534.00
683.79	2178.00
683.80	2385.00
683.81	2687.00
683.82	2585.00
683.83	2260.00
683.84	2097.00
683.85	2615.00
